[["activation-test","\"ok\""],["p:apr","{\"name\":\"Apr\",\"secret\":\"4c54166035c87baa1317272d\",\"updated\":1781652823242,\"state\":{\"groups\":[[0,2,3,1],[4,5,7,6],[8,10,9,11],[14,12,15,13],[16,17,18,19],[20,22,21,23],[24,27,26,25],[28,29,31,30],[32,33,34,35],[36,38,37,39],[40,41,43,42],[44,45,46,47]],\"thirds\":[0,5,11,9,8,3,2,6],\"ko\":[[16,32,5,20,45,28,14,24,8,33,0,44,36,27,4,40],[32,20,28,24,33,0,36,4],[32,28,33,4],[32,4],[4]]}}"],["p:ben","{\"name\":\"Ben\",\"secret\":\"623942c6fbb7e398a405f91e\",\"updated\":1781219005960,\"state\":{\"groups\":[[0,2,1,3],[4,6,7,5],[8,9,10,11],[12,15,14,13],[17,16,18,19],[20,22,21,23],[24,26,25,27],[28,30,29,31],[32,33,34,35],[36,37,38,39],[40,41,42,43],[44,45,46,47]],\"thirds\":[0,2,8,7,5,3,9,6],\"ko\":[[17,32,2,9,null,28,null,24,null,33,null,null,null,15,null,null],[null,null,null,null,null,null,null,null],[null,null,null,null],[null,null],[null]]}}"]]